         200
  1.635000000000275E-002  5.175000000000374E-002  9.255000000000280E-002
  0.138750000000002       0.190350000000002       0.247350000000003     
  0.309750000000006       0.377550000000006       0.450750000000006     
  0.529350000000006       0.613350000000004       0.702750000000004     
  0.797550000000001       0.897750000000002        1.00335000000000     
   1.11435000000000        1.23075000000000        1.35255000000000     
   1.47975000000000        1.61235000000000        1.75035000000000     
   1.89375000000000        2.04255000000000        2.19675000000001     
   2.35635000000001        2.52135000000000        2.69175000000000     
   2.86755000000000        3.04875000000000        3.23535000000000     
   3.42735000000000        3.62475000000000        3.82755000000000     
   4.03575000000000        4.24935000000000        4.46835000000000     
   4.69275000000001        4.92255000000000        5.15775000000000     
   5.39835000000000        5.64435000000000        5.89575000000000     
   6.15255000000000        6.41475000000000        6.68235000000000     
   6.95535000000000        7.23375000000000        7.51755000000000     
   7.80675000000000        8.10135000000000        8.40135000000000     
   8.70675000000000        9.01755000000000        9.33375000000000     
   9.65535000000000        9.98235000000000        10.3147500000000     
   10.6525500000000        10.9957500000000        11.3443500000000     
   11.6983500000000        12.0577500000000        12.4225500000000     
   12.7927500000000        13.1683500000000        13.5493500000000     
   13.9357500000000        14.3275500000000        14.7247500000000     
   15.1273500000000        15.5353500000000        15.9487500000000     
   16.3675500000000        16.7917500000000        17.2213500000000     
   17.6563500000000        18.0967500000000        18.5425500000000     
   18.9937500000000        19.4503500000000        19.9123500000000     
   20.3797500000000        20.8525500000000        21.3307500000000     
   21.8143500000000        22.3033500000000        22.7977500000000     
   23.2975500000000        23.8027500000000        24.3133500000000     
   24.8293500000000        25.3507500000000        25.8775500000000     
   26.4097500000000        26.9473500000000        27.4903500000000     
   28.0387500000000        28.5925500000000        29.1517500000000     
   29.7163500000000        30.2836500000000        30.8482500000000     
   31.4074500000000        31.9612500000000        32.5096500000000     
   33.0526500000000        33.5902500000000        34.1224500000000     
   34.6492500000000        35.1706500000000        35.6866500000000     
   36.1972500000000        36.7024500000000        37.2022500000000     
   37.6966500000000        38.1856500000000        38.6692500000000     
   39.1474500000000        39.6202500000000        40.0876500000000     
   40.5496500000000        41.0062500000000        41.4574500000000     
   41.9032500000000        42.3436500000000        42.7786500000000     
   43.2082500000000        43.6324500000000        44.0512500000000     
   44.4646500000000        44.8726500000000        45.2752500000000     
   45.6724500000000        46.0642500000000        46.4506500000000     
   46.8316500000000        47.2072500000000        47.5774500000000     
   47.9422500000000        48.3016500000000        48.6556500000000     
   49.0042500000000        49.3474500000000        49.6852500000000     
   50.0176500000000        50.3446500000000        50.6662500000000     
   50.9824500000000        51.2932500000000        51.5986500000000     
   51.8986500000000        52.1932500000000        52.4824500000000     
   52.7662500000000        53.0446500000000        53.3176500000000     
   53.5852500000000        53.8474500000000        54.1042500000000     
   54.3556500000000        54.6016500000000        54.8422500000000     
   55.0774500000000        55.3072500000000        55.5316500000000     
   55.7506500000000        55.9642500000000        56.1724500000000     
   56.3752500000000        56.5726500000000        56.7646500000000     
   56.9512500000000        57.1324500000000        57.3082500000000     
   57.4786500000000        57.6436500000000        57.8032500000000     
   57.9574500000000        58.1062500000000        58.2496500000000     
   58.3876500000000        58.5202500000000        58.6474500000000     
   58.7692500000000        58.8856500000000        58.9966500000000     
   59.1022500000000        59.2024500000000        59.2972500000000     
   59.3866500000000        59.4706500000000        59.5492500000000     
   59.6224500000000        59.6902500000000        59.7526500000000     
   59.8096500000000        59.8612500000000        59.9074500000000     
   59.9482500000000        59.9836500000000     
   60.0000000000000       3.343600000000000E-027
 -0.113585859015248       0.150210314257617       0.204659007836562     
  0.282999971100836       0.338649015609059       0.381093967850270     
  0.410847022568050       0.429839143005700       0.440113491157729     
  0.443635706646172       0.443212988612071       0.439878716019190     
  0.433913739712467       0.426278866476230       0.417588749157865     
  0.408206204095750       0.398373737370915       0.388258396316338     
  0.377956610648737       0.367547497362117       0.357087749409155     
  0.346599550613521       0.336107866181970       0.325629919245060     
  0.315179326998854       0.304767070612396       0.294402289212473     
  0.284092776525969       0.273845380830926       0.263666122153665     
  0.253559856066753       0.243530336964254       0.233581797516723     
  0.223718885719466       0.213944425298330       0.204259925314344     
  0.194667109362328       0.185167666352462       0.175762910800762     
  0.166453815227282       0.157241069317095       0.148125112677736     
  0.139106161257600       0.130184232729280       0.121359170985084     
  0.112630670339446       0.103998299142328       9.546152073384891E-002
  8.701970932177845E-002  7.867216584686690E-002  7.041815870744532E-002
  6.225700875302475E-002  5.418809865340594E-002  4.621044482791203E-002
  3.832188111924838E-002  3.052020944377430E-002  2.281043348928331E-002
  1.520370321130896E-002  7.681409820649302E-003  1.561358426054847E-004
 -8.550791581612359E-003 -1.713550348407211E-002 -2.437888751017644E-002
 -3.151910425245853E-002 -3.859782479760712E-002 -4.562809636836335E-002
 -5.262424114971647E-002 -5.960138499564057E-002 -6.658022392493540E-002
 -7.357985705284828E-002 -8.059760652161381E-002 -8.762713630792959E-002
 -9.468675268108752E-002 -0.101385906827797      -0.107032531376230     
 -0.111772518889341      -0.116447738486239      -0.121935191169541     
 -0.128372422859365      -0.134986332021862      -0.141420521290750     
 -0.147732597686802      -0.153870958617977      -0.159812048930206     
 -0.165542573264838      -0.171048527093134      -0.176313934847153     
 -0.181321202770082      -0.186051770951040      -0.190486587195743     
 -0.194606205238175      -0.198390974871664      -0.201821500565618     
 -0.204879464979801      -0.207549417968622      -0.209818696653492     
 -0.211670482490228      -0.213069769164555      -0.213962505708240     
 -0.214331334088615      -0.214326205854961      -0.213945022395909     
 -0.213037882273322      -0.211624581810638      -0.209759172809406     
 -0.207475870147247      -0.204791167131986      -0.201718015718907     
 -0.198272303609626      -0.194472955745859      -0.190340252822502     
 -0.185895259024880      -0.181160041368695      -0.176158097640589     
 -0.170914572514407      -0.165456337471069      -0.159812126529109     
 -0.154012716430810      -0.148091289124604      -0.142081372330052     
 -0.136008214574652      -0.129881195000800      -0.123698267287257     
 -0.117455568235363      -0.111151288085675      -0.104784733763518     
 -9.835514515511951E-002 -9.186151540209612E-002 -8.530273976550685E-002
 -7.867770768161952E-002 -7.198531172026697E-002 -6.522443469811932E-002
 -5.839394362131541E-002 -5.149269030512189E-002 -4.451951341403097E-002
 -3.747323998849150E-002 -3.035268669900713E-002 -2.315666127910015E-002
 -1.588396428081623E-002 -8.533391150789658E-003 -1.103734631359480E-003
  6.406212482574243E-003  1.399765420976894E-002  2.167178787835920E-002
  2.942980026535674E-002  3.727286336462499E-002  4.520212970170839E-002
  5.321872703721362E-002  6.132375226155203E-002  6.951826431998294E-002
  7.780327611552175E-002  8.617974551160534E-002  9.464856557713636E-002
  0.103210553952500       0.111866441073223       0.120616857187010     
  0.129462318145104       0.138403208510131       0.147439760207154     
  0.156572029066569       0.165799871209439       0.175122917376204     
  0.184540546027485       0.194051856730282       0.203655642208881     
  0.213350357203456       0.223134083460624       0.233004491117410     
  0.242958796955585       0.252993719670947       0.263105431379006     
  0.273289503051981       0.283540839207098       0.293853592893032     
  0.304221044714224       0.314635418449927       0.325087587100888     
  0.335566602429368       0.346058876397105       0.356547180643001     
  0.367006642444755       0.377414871471890       0.387715149516465     
  0.397828439263788       0.407657991363124       0.417036528917731     
  0.425721239476787       0.433348865789706       0.439303898482223     
  0.442624634352966       0.443034326429048       0.439496631097777     
  0.429198030756921       0.410181066213301       0.380405460970515     
  0.337940594430663       0.282277668981941       0.203930842234534     
  0.149472739027319      -0.114243038527029      -1.184064617173312E-009
 -1.644219129504759E-009 -1.407293557185843E-009 -1.296082285962686E-009
 -1.133994231904841E-009 -9.725277835064999E-010 -8.180696345945854E-010
 -6.741207367087209E-010 -5.464179775927322E-010 -4.377778722122348E-010
 -3.460956390672548E-010 -2.680382235996036E-010 -2.036156308008542E-010
 -1.526556084002852E-010 -1.131284953142283E-010 -8.288282019792173E-011
 -6.006131987765228E-011 -4.308151327684835E-011 -3.064286685084545E-011
 -2.167206337669067E-011 -1.526240723653008E-011 -1.072207808937680E-011
 -7.547381952240979E-012 -5.354785785828253E-012 -3.860317871040233E-012
 -2.856389239265115E-012 -2.193505401548750E-012 -1.765400033033232E-012
 -1.497161664665717E-012 -1.336497296631024E-012 -1.248404259695912E-012
 -1.210533100796045E-012 -1.204231417119065E-012 -1.217735684455505E-012
 -1.246692074516501E-012 -1.286299991534554E-012 -1.333047115816362E-012
 -1.385104845243110E-012 -1.441412333360422E-012 -1.501329808029591E-012
 -1.564510914771284E-012 -1.630811482488844E-012 -1.700224919227164E-012
 -1.772841021596088E-012 -1.848816958120446E-012 -1.928353089615092E-012
 -2.011675093181326E-012 -2.099032538682643E-012 -2.190730583023914E-012
 -2.287201673453319E-012 -2.389053026718546E-012 -2.496905151840145E-012
 -2.610995723397163E-012 -2.731505531112387E-012 -2.861390901639300E-012
 -3.009091257248855E-012 -3.164547354250901E-012 -3.286157562369320E-012
 -3.363530098127373E-012 -3.565918711611530E-012 -5.685756616471270E-012
 -3.623682429084052E-012 -3.275031689915646E-012 -2.954162637526477E-012
 -2.578948802959840E-012 -2.144055509149926E-012 -1.622923004362649E-012
 -9.950890504239176E-013 -2.213309592272962E-013  7.445234198098794E-013
  1.930854491568303E-012  3.083310236540869E-012  3.487522334686437E-012
  2.494598703562461E-012  7.329192716014083E-013 -1.135763716013634E-013
  9.274344543405725E-013  2.718358885385271E-012  3.560332861808563E-012
  3.067625631211820E-012  1.991476845680069E-012  1.006150644362618E-012
  2.855740688936668E-013 -2.074381653217592E-013 -5.273295481551630E-013
 -7.241859412893724E-013 -8.374046923577439E-013 -8.959726553501405E-013
 -9.204160598828421E-013 -9.255931200462254E-013 -9.201992427648301E-013
 -9.086319006759186E-013 -8.939968493524566E-013 -8.772468679952233E-013
 -8.612990901369176E-013 -8.539548180157037E-013 -8.657626651635562E-013
 -8.867411267584570E-013 -8.531376226771079E-013 -6.482871180791036E-013
 -3.259536506723896E-013 -1.261653674715790E-013 -9.704285984089053E-014
 -1.216477044137596E-013 -1.375852238502446E-013 -1.359289869055304E-013
 -1.284653238244903E-013 -1.221862601127069E-013 -1.188180979222840E-013
 -1.169791985630569E-013 -1.160642387812113E-013 -1.160554857679922E-013
 -1.172290377910220E-013 -1.199300385427008E-013 -1.242972342706692E-013
 -1.304682497242080E-013 -1.385999804120066E-013 -1.488766148273816E-013
 -1.617089432709392E-013 -1.739521915666519E-013 -1.769309383666809E-013
 -1.686061429076979E-013 -1.565924943993420E-013 -1.462227685929157E-013
 -1.375367989557356E-013 -1.292537299964761E-013 -1.210045603324309E-013
 -1.128721387793980E-013 -1.049481732988332E-013 -9.724389617020016E-014
 -8.973782951973456E-014 -8.241096315220273E-014 -7.525145774659271E-014
 -6.824993479025234E-014 -6.139686434520599E-014 -5.468255838727372E-014
 -4.809781235143279E-014 -4.163430617295458E-014 -3.528470927508807E-014
 -2.904257176662191E-014 -2.290201147988729E-014 -1.685721593903044E-014
 -1.090190465179220E-014 -5.028992575172379E-015  7.693443245761211E-016
  6.501108120694104E-015  1.217354624221878E-014  1.779224807991341E-014
  2.336075261496378E-014  2.888093412360960E-014  3.435398080598914E-014
  3.978135171491318E-014  4.516474800110361E-014  5.050502782029803E-014
  5.580123573188147E-014  6.105169814659287E-014  6.625928444144866E-014
  7.143981853177614E-014  7.662869380609707E-014  8.190960332940319E-014
  8.745625245336274E-014  9.357430564650519E-014  1.007672380864813E-013
  1.098344098159923E-013  1.220253343339624E-013  1.392835342601137E-013
  1.646232655424212E-013  2.026975027047913E-013  2.606380237591179E-013
  3.492787925608061E-013  4.849146798294234E-013  6.917994945889190E-013
  1.005648587945359E-012  1.478480337543470E-012  2.185203593440416E-012
  3.232424829711484E-012  4.769989302765085E-012  7.005788384981572E-012
  1.022413186591137E-011  1.480888366780338E-011  2.126437032759539E-011
  3.028283935399740E-011  4.277059331173249E-011  5.980080537506844E-011
  8.267390736998275E-011  1.129714708126261E-010  1.525492771442982E-010
  2.035566898564511E-010  2.680189096817171E-010  3.460974162262968E-010
  4.377810114648845E-010  5.464147191202579E-010  6.740925500176061E-010
  8.179781312638953E-010  9.723353219609977E-010  1.133670227792263E-009
  1.295611608050310E-009  1.406691943150313E-009  1.643363556099582E-009
  1.183672469463776E-009   88.9715486218421        115.923033494287     
   122.575098080474        132.818134186650        140.783923128241     
   147.380688933795        152.462388222580        156.158064545121     
   158.681394085040        160.281109646748        161.370056189371     
   162.093768652383        162.481648286404        162.674813439593     
   162.760009636210        162.784616685540        162.777826227823     
   162.757777974479        162.732380005674        162.707911306256     
   162.688013826976        162.671622779918        162.658878307198     
   162.649294118948        162.642325537553        162.637437813202     
   162.634160738075        162.632108322008        162.630994244971     
   162.630610405541        162.630740312041        162.631144279296     
   162.631793259595        162.632841497137        162.634248431104     
   162.635847119183        162.637582777491        162.639464034834     
   162.641499481371        162.643695660895        162.646060456759     
   162.648602898773        162.651332528196        162.654259119393     
   162.657392723212        162.660744077881        162.664325296340     
   162.668150453831        162.672235640316        162.676599252830     
   162.681266538285        162.686281597582        162.691707520653     
   162.697555684922        162.703650886721        162.709813632920     
   162.717037511283        162.727337240358        162.737890861294     
   162.734709263842        162.526224048114        162.324936049733     
   162.328917305644        162.337278236419        162.343455797351     
   162.345535643736        162.341411735046        162.328836579435     
   162.304666174541        162.266024945941        162.213578483161     
   162.148572018421        162.068166880121        162.035281681695     
   162.161864576063        162.425359585254        162.689741201755     
   162.812492771892        162.771570783390        162.692488854550     
   162.632921835196        162.583657590837        162.548236774790     
   162.524821340794        162.510267135651        162.501886568837     
   162.497631290998        162.496013375397        162.495974890373     
   162.496791268496        162.498029837660        162.499491292184     
   162.501115561597        162.502826208792        162.504219300026     
   162.504560585440        162.503890568136        162.505285219570     
   162.515022169985        162.533533383195        162.534292807260     
   162.517642197485        162.510096888048        162.510826232942     
   162.513557213895        162.515341465695        162.516189479392     
   162.516789748106        162.517472677340        162.518215201534     
   162.518933750990        162.519598858305        162.520222969256     
   162.520815484748        162.521373229886        162.521893142700     
   162.522375270692        162.522817127982        162.523176559329     
   162.523723792570        162.525234165713        162.526042181803     
   162.526326587433        162.526555376245        162.526859062655     
   162.527184836747        162.527488181199        162.527762029660     
   162.528012478919        162.528243883775        162.528457518145     
   162.528653766366        162.528833211349        162.528996661171     
   162.529144972026        162.529278982403        162.529399521547     
   162.529507422458        162.529603521318        162.529688643979     
   162.529763589227        162.529829109221        162.529885885703     
   162.529934509284        162.529975480091        162.530009226064     
   162.530036139654        162.530056616555        162.530071076062     
   162.530079949994        162.530083649299        162.530082543425     
   162.530076960363        162.530067268484        162.530054000455     
   162.530037985807        162.530020565040        162.530003667002     
   162.529989479882        162.529980151545        162.529977867349     
   162.529985109719        162.530005238312        162.530043656074     
   162.530109492567        162.530217592002        162.530390837665     
   162.530663068317        162.531082936427        162.531719093391     
   162.532667055037        162.534058005390        162.536069602040     
   162.538938381819        162.542972438598        162.548561498378     
   162.556178714174        162.566365268825        162.579671792508     
   162.596585078079        162.616981767652        162.641894421257     
   162.667680131797        162.688076700595        162.695127870370     
   162.670665760977        162.585461958907        162.392084535161     
   162.003689390692        161.279083328039        160.189533524762     
   158.589111949353        156.064245726619        152.367699189730     
   147.286422058633        140.691541261193        132.729483649726     
   122.492800212265        115.844261863690        88.9183017538330     
  -2.39902116800214       -2.46677259552152       -2.55890149971794     
  -2.67063119681272       -2.80424816293528       -2.95941108290762     
  -3.13557950409347       -3.33168631751484       -3.54640915334407     
  -3.77835435217133       -4.02634374817217       -4.28942999924891     
  -4.56668021505535       -4.85724244789506       -5.16042045365702     
  -5.47562360022683       -5.80233344157934       -6.14008576560997     
  -6.48845329156651       -6.84703522711839       -7.21545041237879     
  -7.59332390727161       -7.98027638316347       -8.37591254434747     
  -8.77980248375358       -9.19145413164223       -9.61027092351552     
  -10.0354863478258       -10.4660630409867       -10.9005391556061     
  -11.3368004429299       -11.7717584615369       -12.2009364066153     
  -12.6180273634593       -13.0146256492461       -13.3805280471025     
  -13.7050869311211       -13.9797096296852       -14.2006021078541     
  -14.3700811266795       -14.4954902562736       -14.5865343062024     
  -14.6527150780332       -14.7018730148035       -14.7398111424383     
  -14.7705303511866       -14.7966632864166       -14.8198894437092     
  -14.8412581614515       -14.8614158147883       -14.8807567761766     
  -14.8995203277529       -14.9178515846384       -14.9358393743335     
  -14.9535397084793       -14.9709904004139       -14.9882210692476     
  -15.0052636831651       -15.0221666272391       -15.0390057164087     
  -15.0558743964992       -15.0725362897532       -15.0887742048747     
  -15.1046998493962       -15.1203818563239       -15.1358647180007     
  -15.1511792425247       -15.1663477091344       -15.1813857127072     
  -15.1962992091021       -15.2110775724436       -15.2256866843434     
  -15.2400530367160       -15.2540246020236       -15.2674610076777     
  -15.2804484234503       -15.2932857783966       -15.3062769860399     
  -15.3195020593353       -15.3327981529353       -15.3460045023834     
  -15.3590336183228       -15.3718077360980       -15.3842603063942     
  -15.3963331694212       -15.4079729023858       -15.4191288572880     
  -15.4297523328504       -15.4397963090850       -15.4492153814214     
  -15.4579657203227       -15.4660050882111       -15.4732929425851     
  -15.4797905703629       -15.4854610586746       -15.4902683548813     
  -15.4941749915852       -15.4971405599677       -15.4991269445766     
  -15.5001140118331       -15.5001078883982       -15.4991081191619     
  -15.4971084020282       -15.4941292886072       -15.4902090194719     
  -15.4853878971096       -15.4797033742198       -15.4731917334151     
  -15.4658903545059       -15.4578387200387       -15.4490785829430     
  -15.4396540637596       -15.4296118840262       -15.4190016505482     
  -15.4078760416795       -15.3962907935451       -15.3843043551320     
  -15.3719769220766       -15.3593682924262       -15.3465334301669     
  -15.3335146011096       -15.3203341240325       -15.3070015849460     
  -15.2935199240756       -15.2798891942333       -15.2661081642849     
  -15.2521748820785       -15.2380869424025       -15.2238416630890     
  -15.2094361941660       -15.1948675741041       -15.1801327551819     
  -15.1652286146692       -15.1501519595438       -15.1348995269795     
  -15.1194679804900       -15.1038539001363       -15.0880537632384     
  -15.0720639088392       -15.0558804738882       -15.0394992802257     
  -15.0229156363837       -15.0061239927210       -14.9891173454800     
  -14.9718862134511       -14.9544168912174       -14.9366884850449     
  -14.9186679127606       -14.9003015211191       -14.8815011262960     
  -14.8621209431716       -14.8419198016850       -14.8204999798137     
  -14.7972097294912       -14.7709914527340       -14.7401533992347     
  -14.7020455780364       -14.6526443323354       -14.5861205096369     
  -14.4946111331937       -14.3686090107641       -14.1984375817509     
  -13.9768217603400       -13.7015361916219       -13.3764530981299     
  -13.0102018325559       -12.6134237410888       -12.1962907150140     
  -11.7671711069934       -11.3323390421594       -10.8962463260402     
  -10.4619641179283       -10.0315955150035       -9.60659533743736     
  -9.18799653522323       -8.77656287513168       -8.37288923403382     
  -7.97746663973022       -7.59072434218517       -7.21305721199293     
  -6.84484427816490       -6.48646026871737       -6.13828621533260     
  -5.80072277709318       -5.47419711224960       -5.15917336682608     
  -4.85616993820563       -4.56577742430811       -4.28869207373982     
  -4.02576586793971       -3.77793117847393       -3.54613444235404     
  -3.33155367484078       -3.13558184701349       -2.95953922123790     
  -2.80449064546925       -2.67097455503749       -2.55933038823774     
  -2.46727261173333       -2.39957100016338     
